{
  "schema": "fastdis.orientation_compare.v1",
  "target": "unreal",
  "config_hash": "sha256:7ddcef59770b466a8d275ebeab61a04d47a8bcaaa3d6651846624be6ac46e4d0",
  "config": {
    "name": "unreal_standalone_neu_cm",
    "source": {
      "position_frame": "ecef_wgs84_m",
      "orientation_frame": "dis_body_frd_ecef",
      "dis_euler_policy": "standard_dis_psi_theta_phi"
    },
    "local_frame": {
      "type": "enu",
      "origin": {
        "latitude_deg": 29.5597,
        "longitude_deg": -95.0831,
        "height_m": 0.0
      }
    },
    "target_frame": {
      "engine": "unreal",
      "handedness": "left",
      "units": "centimeters",
      "axis_map": {
        "east": "positive_y",
        "north": "positive_x",
        "up": "positive_z"
      }
    },
    "body_to_engine": {
      "forward": "body_forward",
      "right": "body_right",
      "up": "body_up"
    },
    "asset": {
      "forward_axis": "positive_x",
      "up_axis": "positive_z"
    },
    "correction": {
      "enabled": false,
      "reason": "",
      "post_engine_euler_deg": {
        "yaw": 0.0,
        "pitch": 0.0,
        "roll": 0.0
      }
    }
  },
  "fixtures": "tests/data/orientation_engine_cases.json",
  "results": [
    {
      "case": "level_north",
      "config_hash": "sha256:7ddcef59770b466a8d275ebeab61a04d47a8bcaaa3d6651846624be6ac46e4d0",
      "forward_angle_error_deg": 0.0,
      "right_angle_error_deg": 0.0,
      "up_angle_error_deg": 0.0,
      "max_axis_error_deg": 0.0,
      "engine_stage_max_axis_error_deg": 0.0,
      "asset_stage_max_axis_error_deg": 0.0,
      "orthogonality_error": 9.6710833785707e-17,
      "expected_determinant": 1.0,
      "determinant_error": 0.0,
      "handedness_ok": true,
      "expected_visible_basis": {
        "forward": [
          1.0,
          0.0,
          0.0
        ],
        "right": [
          0.0,
          1.0,
          0.0
        ],
        "up": [
          0.0,
          0.0,
          1.0
        ]
      },
      "engine_visible_basis": {
        "forward": [
          1.0,
          -4.85722573273506e-17,
          -1.0148132334464322e-16
        ],
        "right": [
          4.5613072293812755e-17,
          1.0,
          4.36825872090339e-17
        ],
        "up": [
          4.7704895589362195e-18,
          -4.163336342344337e-17,
          1.0
        ]
      },
      "asset_stage": {
        "forward": [
          1.0,
          -4.85722573273506e-17,
          -1.0148132334464322e-16
        ],
        "right": [
          4.5613072293812755e-17,
          1.0,
          4.36825872090339e-17
        ],
        "up": [
          4.7704895589362195e-18,
          -4.163336342344337e-17,
          1.0
        ],
        "determinant": 1.0,
        "handedness": "right",
        "dot_matrix": [
          [
            1.0,
            -2.9591850335378482e-18,
            -9.6710833785707e-17
          ],
          [
            -2.9591850335378482e-18,
            1.0,
            2.049223785590528e-18
          ],
          [
            -9.6710833785707e-17,
            2.049223785590528e-18,
            1.0
          ]
        ]
      },
      "failure_signature": null,
      "pass": true,
      "trace": {
        "case": "level_north",
        "target": "unreal",
        "config_hash": "sha256:7ddcef59770b466a8d275ebeab61a04d47a8bcaaa3d6651846624be6ac46e4d0",
        "config": {
          "name": "unreal_standalone_neu_cm",
          "source": {
            "position_frame": "ecef_wgs84_m",
            "orientation_frame": "dis_body_frd_ecef",
            "dis_euler_policy": "standard_dis_psi_theta_phi"
          },
          "local_frame": {
            "type": "enu",
            "origin": {
              "latitude_deg": 29.5597,
              "longitude_deg": -95.0831,
              "height_m": 0.0
            }
          },
          "target_frame": {
            "engine": "unreal",
            "handedness": "left",
            "units": "centimeters",
            "axis_map": {
              "east": "positive_y",
              "north": "positive_x",
              "up": "positive_z"
            }
          },
          "body_to_engine": {
            "forward": "body_forward",
            "right": "body_right",
            "up": "body_up"
          },
          "asset": {
            "forward_axis": "positive_x",
            "up_axis": "positive_z"
          },
          "correction": {
            "enabled": false,
            "reason": "",
            "post_engine_euler_deg": {
              "yaw": 0.0,
              "pitch": 0.0,
              "roll": 0.0
            }
          }
        },
        "input": {
          "entity_id": [
            100,
            1,
            1
          ],
          "dis_psi_theta_phi_deg": {
            "psi": 84.9169,
            "theta": -60.4403,
            "phi": 180.0
          },
          "georeference": {
            "lat_deg": 29.5597,
            "lon_deg": -95.0831,
            "height_m": 0.0
          }
        },
        "stage_1_dis_body_ecef": {
          "forward": [
            0.04370929975492306,
            0.49139002183863956,
            0.8698421371446405
          ],
          "right": [
            0.9960672424007312,
            -0.08860050009002796,
            6.041552133842126e-17
          ],
          "up": [
            -0.07706844835039386,
            -0.8664212588696207,
            0.4933301698129199
          ],
          "determinant": -1.0,
          "handedness": "left",
          "dot_matrix": [
            [
              1.0,
              -2.9591850335378436e-18,
              -4.7704895589362195e-17
            ],
            [
              -2.9591850335378436e-18,
              1.0,
              2.0492237855905277e-18
            ],
            [
              -4.7704895589362195e-17,
              2.0492237855905277e-18,
              1.0
            ]
          ]
        },
        "stage_2_body_enu": {
          "forward": [
            -4.85722573273506e-17,
            1.0,
            -1.0148132334464322e-16
          ],
          "right": [
            1.0,
            4.5613072293812755e-17,
            4.36825872090339e-17
          ],
          "up": [
            -4.163336342344337e-17,
            4.7704895589362195e-18,
            1.0
          ],
          "determinant": -1.0,
          "handedness": "left",
          "dot_matrix": [
            [
              1.0,
              -2.9591850335378482e-18,
              -9.6710833785707e-17
            ],
            [
              -2.9591850335378482e-18,
              1.0,
              2.049223785590528e-18
            ],
            [
              -9.6710833785707e-17,
              2.049223785590528e-18,
              1.0
            ]
          ]
        },
        "stage_3_engine_basis_before_asset": {
          "forward": [
            1.0,
            -4.85722573273506e-17,
            -1.0148132334464322e-16
          ],
          "right": [
            4.5613072293812755e-17,
            1.0,
            4.36825872090339e-17
          ],
          "up": [
            4.7704895589362195e-18,
            -4.163336342344337e-17,
            1.0
          ],
          "determinant": 1.0,
          "handedness": "right",
          "dot_matrix": [
            [
              1.0,
              -2.9591850335378482e-18,
              -9.6710833785707e-17
            ],
            [
              -2.9591850335378482e-18,
              1.0,
              2.049223785590528e-18
            ],
            [
              -9.6710833785707e-17,
              2.049223785590528e-18,
              1.0
            ]
          ]
        },
        "actor_basis": {
          "x": [
            1.0,
            -4.85722573273506e-17,
            -1.0148132334464322e-16
          ],
          "y": [
            4.5613072293812755e-17,
            1.0,
            4.36825872090339e-17
          ],
          "z": [
            4.7704895589362195e-18,
            -4.163336342344337e-17,
            1.0
          ]
        },
        "engine_visible_basis": {
          "forward": [
            1.0,
            -4.85722573273506e-17,
            -1.0148132334464322e-16
          ],
          "right": [
            4.5613072293812755e-17,
            1.0,
            4.36825872090339e-17
          ],
          "up": [
            4.7704895589362195e-18,
            -4.163336342344337e-17,
            1.0
          ]
        },
        "stage_4_asset_corrected_basis": {
          "forward": [
            1.0,
            -4.85722573273506e-17,
            -1.0148132334464322e-16
          ],
          "right": [
            4.5613072293812755e-17,
            1.0,
            4.36825872090339e-17
          ],
          "up": [
            4.7704895589362195e-18,
            -4.163336342344337e-17,
            1.0
          ],
          "determinant": 1.0,
          "handedness": "right",
          "dot_matrix": [
            [
              1.0,
              -2.9591850335378482e-18,
              -9.6710833785707e-17
            ],
            [
              -2.9591850335378482e-18,
              1.0,
              2.049223785590528e-18
            ],
            [
              -9.6710833785707e-17,
              2.049223785590528e-18,
              1.0
            ]
          ]
        },
        "asset_basis": {
          "forward_axis": "positive_x",
          "up_axis": "positive_z",
          "corrected_forward_local": [
            1.0,
            0.0,
            0.0
          ],
          "corrected_right_local": [
            0.0,
            1.0,
            0.0
          ],
          "corrected_up_local": [
            0.0,
            0.0,
            1.0
          ]
        },
        "final": {
          "position_engine": null,
          "forward_engine": [
            1.0,
            -4.85722573273506e-17,
            -1.0148132334464322e-16
          ],
          "right_engine": [
            4.5613072293812755e-17,
            1.0,
            4.36825872090339e-17
          ],
          "up_engine": [
            4.7704895589362195e-18,
            -4.163336342344337e-17,
            1.0
          ]
        }
      }
    },
    {
      "case": "level_east",
      "config_hash": "sha256:7ddcef59770b466a8d275ebeab61a04d47a8bcaaa3d6651846624be6ac46e4d0",
      "forward_angle_error_deg": 0.0,
      "right_angle_error_deg": 0.0,
      "up_angle_error_deg": 0.0,
      "max_axis_error_deg": 0.0,
      "engine_stage_max_axis_error_deg": 0.0,
      "asset_stage_max_axis_error_deg": 0.0,
      "orthogonality_error": 3.556183125752455e-17,
      "expected_determinant": 1.0,
      "determinant_error": 0.0,
      "handedness_ok": true,
      "expected_visible_basis": {
        "forward": [
          0.0,
          1.0,
          0.0
        ],
        "right": [
          -1.0,
          0.0,
          0.0
        ],
        "up": [
          0.0,
          0.0,
          1.0
        ]
      },
      "engine_visible_basis": {
        "forward": [
          3.469446951953614e-17,
          1.0,
          -6.938893903907228e-17
        ],
        "right": [
          -1.0,
          4.85722573273506e-17,
          -6.591949208711867e-17
        ],
        "up": [
          -1.0148132334464322e-16,
          8.326672684688674e-17,
          1.0
        ]
      },
      "asset_stage": {
        "forward": [
          3.469446951953614e-17,
          1.0,
          -6.938893903907228e-17
        ],
        "right": [
          -1.0,
          4.85722573273506e-17,
          -6.591949208711867e-17
        ],
        "up": [
          -1.0148132334464322e-16,
          8.326672684688674e-17,
          1.0
        ],
        "determinant": 1.0,
        "handedness": "right",
        "dot_matrix": [
          [
            1.0,
            1.387778780781446e-17,
            1.3877787807814454e-17
          ],
          [
            1.387778780781446e-17,
            1.0,
            3.556183125752455e-17
          ],
          [
            1.3877787807814454e-17,
            3.556183125752455e-17,
            1.0
          ]
        ]
      },
      "failure_signature": null,
      "pass": true,
      "trace": {
        "case": "level_east",
        "target": "unreal",
        "config_hash": "sha256:7ddcef59770b466a8d275ebeab61a04d47a8bcaaa3d6651846624be6ac46e4d0",
        "config": {
          "name": "unreal_standalone_neu_cm",
          "source": {
            "position_frame": "ecef_wgs84_m",
            "orientation_frame": "dis_body_frd_ecef",
            "dis_euler_policy": "standard_dis_psi_theta_phi"
          },
          "local_frame": {
            "type": "enu",
            "origin": {
              "latitude_deg": 29.5597,
              "longitude_deg": -95.0831,
              "height_m": 0.0
            }
          },
          "target_frame": {
            "engine": "unreal",
            "handedness": "left",
            "units": "centimeters",
            "axis_map": {
              "east": "positive_y",
              "north": "positive_x",
              "up": "positive_z"
            }
          },
          "body_to_engine": {
            "forward": "body_forward",
            "right": "body_right",
            "up": "body_up"
          },
          "asset": {
            "forward_axis": "positive_x",
            "up_axis": "positive_z"
          },
          "correction": {
            "enabled": false,
            "reason": "",
            "post_engine_euler_deg": {
              "yaw": 0.0,
              "pitch": 0.0,
              "roll": 0.0
            }
          }
        },
        "input": {
          "entity_id": [
            100,
            1,
            1
          ],
          "dis_psi_theta_phi_deg": {
            "psi": -5.0831,
            "theta": -0.0,
            "phi": -119.5597
          },
          "georeference": {
            "lat_deg": 29.5597,
            "lon_deg": -95.0831,
            "height_m": 0.0
          }
        },
        "stage_1_dis_body_ecef": {
          "forward": [
            0.9960672424007312,
            -0.08860050009002786,
            0.0
          ],
          "right": [
            -0.043709299754923055,
            -0.49139002183863945,
            -0.8698421371446406
          ],
          "up": [
            -0.07706844835039375,
            -0.8664212588696208,
            0.49333016981291977
          ],
          "determinant": -1.0000000000000002,
          "handedness": "left",
          "dot_matrix": [
            [
              1.0,
              6.938893903907228e-18,
              1.3877787807814457e-17
            ],
            [
              6.938893903907228e-18,
              1.0,
              4.206704429243757e-17
            ],
            [
              1.3877787807814457e-17,
              4.206704429243757e-17,
              1.0000000000000002
            ]
          ]
        },
        "stage_2_body_enu": {
          "forward": [
            1.0,
            3.469446951953614e-17,
            -6.938893903907228e-17
          ],
          "right": [
            4.85722573273506e-17,
            -1.0,
            -6.591949208711867e-17
          ],
          "up": [
            8.326672684688674e-17,
            -1.0148132334464322e-16,
            1.0
          ],
          "determinant": -1.0,
          "handedness": "left",
          "dot_matrix": [
            [
              1.0,
              1.387778780781446e-17,
              1.3877787807814454e-17
            ],
            [
              1.387778780781446e-17,
              1.0,
              3.556183125752455e-17
            ],
            [
              1.3877787807814454e-17,
              3.556183125752455e-17,
              1.0
            ]
          ]
        },
        "stage_3_engine_basis_before_asset": {
          "forward": [
            3.469446951953614e-17,
            1.0,
            -6.938893903907228e-17
          ],
          "right": [
            -1.0,
            4.85722573273506e-17,
            -6.591949208711867e-17
          ],
          "up": [
            -1.0148132334464322e-16,
            8.326672684688674e-17,
            1.0
          ],
          "determinant": 1.0,
          "handedness": "right",
          "dot_matrix": [
            [
              1.0,
              1.387778780781446e-17,
              1.3877787807814454e-17
            ],
            [
              1.387778780781446e-17,
              1.0,
              3.556183125752455e-17
            ],
            [
              1.3877787807814454e-17,
              3.556183125752455e-17,
              1.0
            ]
          ]
        },
        "actor_basis": {
          "x": [
            3.469446951953614e-17,
            1.0,
            -6.938893903907228e-17
          ],
          "y": [
            -1.0,
            4.85722573273506e-17,
            -6.591949208711867e-17
          ],
          "z": [
            -1.0148132334464322e-16,
            8.326672684688674e-17,
            1.0
          ]
        },
        "engine_visible_basis": {
          "forward": [
            3.469446951953614e-17,
            1.0,
            -6.938893903907228e-17
          ],
          "right": [
            -1.0,
            4.85722573273506e-17,
            -6.591949208711867e-17
          ],
          "up": [
            -1.0148132334464322e-16,
            8.326672684688674e-17,
            1.0
          ]
        },
        "stage_4_asset_corrected_basis": {
          "forward": [
            3.469446951953614e-17,
            1.0,
            -6.938893903907228e-17
          ],
          "right": [
            -1.0,
            4.85722573273506e-17,
            -6.591949208711867e-17
          ],
          "up": [
            -1.0148132334464322e-16,
            8.326672684688674e-17,
            1.0
          ],
          "determinant": 1.0,
          "handedness": "right",
          "dot_matrix": [
            [
              1.0,
              1.387778780781446e-17,
              1.3877787807814454e-17
            ],
            [
              1.387778780781446e-17,
              1.0,
              3.556183125752455e-17
            ],
            [
              1.3877787807814454e-17,
              3.556183125752455e-17,
              1.0
            ]
          ]
        },
        "asset_basis": {
          "forward_axis": "positive_x",
          "up_axis": "positive_z",
          "corrected_forward_local": [
            1.0,
            0.0,
            0.0
          ],
          "corrected_right_local": [
            0.0,
            1.0,
            0.0
          ],
          "corrected_up_local": [
            0.0,
            0.0,
            1.0
          ]
        },
        "final": {
          "position_engine": null,
          "forward_engine": [
            3.469446951953614e-17,
            1.0,
            -6.938893903907228e-17
          ],
          "right_engine": [
            -1.0,
            4.85722573273506e-17,
            -6.591949208711867e-17
          ],
          "up_engine": [
            -1.0148132334464322e-16,
            8.326672684688674e-17,
            1.0
          ]
        }
      }
    },
    {
      "case": "level_south",
      "config_hash": "sha256:7ddcef59770b466a8d275ebeab61a04d47a8bcaaa3d6651846624be6ac46e4d0",
      "forward_angle_error_deg": 0.0,
      "right_angle_error_deg": 0.0,
      "up_angle_error_deg": 0.0,
      "max_axis_error_deg": 0.0,
      "engine_stage_max_axis_error_deg": 0.0,
      "asset_stage_max_axis_error_deg": 0.0,
      "orthogonality_error": 1.0408340855860843e-16,
      "expected_determinant": 1.0,
      "determinant_error": 0.0,
      "handedness_ok": true,
      "expected_visible_basis": {
        "forward": [
          -1.0,
          0.0,
          0.0
        ],
        "right": [
          0.0,
          -1.0,
          0.0
        ],
        "up": [
          0.0,
          0.0,
          1.0
        ]
      },
      "engine_visible_basis": {
        "forward": [
          -1.0,
          0.0,
          1.0495077029659683e-16
        ],
        "right": [
          2.9591850335378436e-18,
          -1.0,
          -1.2694931405592065e-16
        ],
        "up": [
          8.673617379884035e-19,
          -1.249000902703301e-16,
          1.0
        ]
      },
      "asset_stage": {
        "forward": [
          -1.0,
          0.0,
          1.0495077029659683e-16
        ],
        "right": [
          2.9591850335378436e-18,
          -1.0,
          -1.2694931405592065e-16
        ],
        "up": [
          8.673617379884035e-19,
          -1.249000902703301e-16,
          1.0
        ],
        "determinant": 1.0,
        "handedness": "right",
        "dot_matrix": [
          [
            1.0,
            -2.959185033537857e-18,
            1.0408340855860843e-16
          ],
          [
            -2.959185033537857e-18,
            1.0,
            -2.04922378559054e-18
          ],
          [
            1.0408340855860843e-16,
            -2.04922378559054e-18,
            1.0
          ]
        ]
      },
      "failure_signature": null,
      "pass": true,
      "trace": {
        "case": "level_south",
        "target": "unreal",
        "config_hash": "sha256:7ddcef59770b466a8d275ebeab61a04d47a8bcaaa3d6651846624be6ac46e4d0",
        "config": {
          "name": "unreal_standalone_neu_cm",
          "source": {
            "position_frame": "ecef_wgs84_m",
            "orientation_frame": "dis_body_frd_ecef",
            "dis_euler_policy": "standard_dis_psi_theta_phi"
          },
          "local_frame": {
            "type": "enu",
            "origin": {
              "latitude_deg": 29.5597,
              "longitude_deg": -95.0831,
              "height_m": 0.0
            }
          },
          "target_frame": {
            "engine": "unreal",
            "handedness": "left",
            "units": "centimeters",
            "axis_map": {
              "east": "positive_y",
              "north": "positive_x",
              "up": "positive_z"
            }
          },
          "body_to_engine": {
            "forward": "body_forward",
            "right": "body_right",
            "up": "body_up"
          },
          "asset": {
            "forward_axis": "positive_x",
            "up_axis": "positive_z"
          },
          "correction": {
            "enabled": false,
            "reason": "",
            "post_engine_euler_deg": {
              "yaw": 0.0,
              "pitch": 0.0,
              "roll": 0.0
            }
          }
        },
        "input": {
          "entity_id": [
            100,
            1,
            1
          ],
          "dis_psi_theta_phi_deg": {
            "psi": -95.0831,
            "theta": 60.4403,
            "phi": -180.0
          },
          "georeference": {
            "lat_deg": 29.5597,
            "lon_deg": -95.0831,
            "height_m": 0.0
          }
        },
        "stage_1_dis_body_ecef": {
          "forward": [
            -0.04370929975492311,
            -0.49139002183863956,
            -0.8698421371446405
          ],
          "right": [
            -0.9960672424007312,
            0.08860050009002805,
            -6.041552133842126e-17
          ],
          "up": [
            -0.07706844835039395,
            -0.8664212588696207,
            0.4933301698129199
          ],
          "determinant": -1.0,
          "handedness": "left",
          "dot_matrix": [
            [
              1.0,
              -2.9591850335378436e-18,
              5.5077470362263625e-17
            ],
            [
              -2.9591850335378436e-18,
              1.0,
              -2.0492237855905277e-18
            ],
            [
              5.5077470362263625e-17,
              -2.0492237855905277e-18,
              1.0
            ]
          ]
        },
        "stage_2_body_enu": {
          "forward": [
            0.0,
            -1.0,
            1.0495077029659683e-16
          ],
          "right": [
            -1.0,
            2.9591850335378436e-18,
            -1.2694931405592065e-16
          ],
          "up": [
            -1.249000902703301e-16,
            8.673617379884035e-19,
            1.0
          ],
          "determinant": -1.0,
          "handedness": "left",
          "dot_matrix": [
            [
              1.0,
              -2.959185033537857e-18,
              1.0408340855860843e-16
            ],
            [
              -2.959185033537857e-18,
              1.0,
              -2.04922378559054e-18
            ],
            [
              1.0408340855860843e-16,
              -2.04922378559054e-18,
              1.0
            ]
          ]
        },
        "stage_3_engine_basis_before_asset": {
          "forward": [
            -1.0,
            0.0,
            1.0495077029659683e-16
          ],
          "right": [
            2.9591850335378436e-18,
            -1.0,
            -1.2694931405592065e-16
          ],
          "up": [
            8.673617379884035e-19,
            -1.249000902703301e-16,
            1.0
          ],
          "determinant": 1.0,
          "handedness": "right",
          "dot_matrix": [
            [
              1.0,
              -2.959185033537857e-18,
              1.0408340855860843e-16
            ],
            [
              -2.959185033537857e-18,
              1.0,
              -2.04922378559054e-18
            ],
            [
              1.0408340855860843e-16,
              -2.04922378559054e-18,
              1.0
            ]
          ]
        },
        "actor_basis": {
          "x": [
            -1.0,
            0.0,
            1.0495077029659683e-16
          ],
          "y": [
            2.9591850335378436e-18,
            -1.0,
            -1.2694931405592065e-16
          ],
          "z": [
            8.673617379884035e-19,
            -1.249000902703301e-16,
            1.0
          ]
        },
        "engine_visible_basis": {
          "forward": [
            -1.0,
            0.0,
            1.0495077029659683e-16
          ],
          "right": [
            2.9591850335378436e-18,
            -1.0,
            -1.2694931405592065e-16
          ],
          "up": [
            8.673617379884035e-19,
            -1.249000902703301e-16,
            1.0
          ]
        },
        "stage_4_asset_corrected_basis": {
          "forward": [
            -1.0,
            0.0,
            1.0495077029659683e-16
          ],
          "right": [
            2.9591850335378436e-18,
            -1.0,
            -1.2694931405592065e-16
          ],
          "up": [
            8.673617379884035e-19,
            -1.249000902703301e-16,
            1.0
          ],
          "determinant": 1.0,
          "handedness": "right",
          "dot_matrix": [
            [
              1.0,
              -2.959185033537857e-18,
              1.0408340855860843e-16
            ],
            [
              -2.959185033537857e-18,
              1.0,
              -2.04922378559054e-18
            ],
            [
              1.0408340855860843e-16,
              -2.04922378559054e-18,
              1.0
            ]
          ]
        },
        "asset_basis": {
          "forward_axis": "positive_x",
          "up_axis": "positive_z",
          "corrected_forward_local": [
            1.0,
            0.0,
            0.0
          ],
          "corrected_right_local": [
            0.0,
            1.0,
            0.0
          ],
          "corrected_up_local": [
            0.0,
            0.0,
            1.0
          ]
        },
        "final": {
          "position_engine": null,
          "forward_engine": [
            -1.0,
            0.0,
            1.0495077029659683e-16
          ],
          "right_engine": [
            2.9591850335378436e-18,
            -1.0,
            -1.2694931405592065e-16
          ],
          "up_engine": [
            8.673617379884035e-19,
            -1.249000902703301e-16,
            1.0
          ]
        }
      }
    },
    {
      "case": "level_west",
      "config_hash": "sha256:7ddcef59770b466a8d275ebeab61a04d47a8bcaaa3d6651846624be6ac46e4d0",
      "forward_angle_error_deg": 0.0,
      "right_angle_error_deg": 0.0,
      "up_angle_error_deg": 0.0,
      "max_axis_error_deg": 0.0,
      "engine_stage_max_axis_error_deg": 0.0,
      "asset_stage_max_axis_error_deg": 0.0,
      "orthogonality_error": 5.637851296924624e-17,
      "expected_determinant": 1.0,
      "determinant_error": 0.0,
      "handedness_ok": true,
      "expected_visible_basis": {
        "forward": [
          0.0,
          -1.0,
          0.0
        ],
        "right": [
          1.0,
          0.0,
          0.0
        ],
        "up": [
          0.0,
          0.0,
          1.0
        ]
      },
      "engine_visible_basis": {
        "forward": [
          9.020562075079397e-17,
          -1.0,
          -1.6653345369377348e-16
        ],
        "right": [
          1.0,
          8.326672684688674e-17,
          5.551115123125783e-17
        ],
        "up": [
          -1.1188966420050406e-16,
          -1.5265566588595902e-16,
          1.0
        ]
      },
      "asset_stage": {
        "forward": [
          9.020562075079397e-17,
          -1.0,
          -1.6653345369377348e-16
        ],
        "right": [
          1.0,
          8.326672684688674e-17,
          5.551115123125783e-17
        ],
        "up": [
          -1.1188966420050406e-16,
          -1.5265566588595902e-16,
          1.0
        ],
        "determinant": 1.0,
        "handedness": "right",
        "dot_matrix": [
          [
            1.0,
            6.938893903907219e-18,
            -1.3877787807814466e-17
          ],
          [
            6.938893903907219e-18,
            1.0,
            -5.637851296924624e-17
          ],
          [
            -1.3877787807814466e-17,
            -5.637851296924624e-17,
            1.0
          ]
        ]
      },
      "failure_signature": null,
      "pass": true,
      "trace": {
        "case": "level_west",
        "target": "unreal",
        "config_hash": "sha256:7ddcef59770b466a8d275ebeab61a04d47a8bcaaa3d6651846624be6ac46e4d0",
        "config": {
          "name": "unreal_standalone_neu_cm",
          "source": {
            "position_frame": "ecef_wgs84_m",
            "orientation_frame": "dis_body_frd_ecef",
            "dis_euler_policy": "standard_dis_psi_theta_phi"
          },
          "local_frame": {
            "type": "enu",
            "origin": {
              "latitude_deg": 29.5597,
              "longitude_deg": -95.0831,
              "height_m": 0.0
            }
          },
          "target_frame": {
            "engine": "unreal",
            "handedness": "left",
            "units": "centimeters",
            "axis_map": {
              "east": "positive_y",
              "north": "positive_x",
              "up": "positive_z"
            }
          },
          "body_to_engine": {
            "forward": "body_forward",
            "right": "body_right",
            "up": "body_up"
          },
          "asset": {
            "forward_axis": "positive_x",
            "up_axis": "positive_z"
          },
          "correction": {
            "enabled": false,
            "reason": "",
            "post_engine_euler_deg": {
              "yaw": 0.0,
              "pitch": 0.0,
              "roll": 0.0
            }
          }
        },
        "input": {
          "entity_id": [
            100,
            1,
            1
          ],
          "dis_psi_theta_phi_deg": {
            "psi": 174.9169,
            "theta": 0.0,
            "phi": 119.5597
          },
          "georeference": {
            "lat_deg": 29.5597,
            "lon_deg": -95.0831,
            "height_m": 0.0
          }
        },
        "stage_1_dis_body_ecef": {
          "forward": [
            -0.9960672424007312,
            0.08860050009002812,
            -0.0
          ],
          "right": [
            0.04370929975492319,
            0.49139002183863945,
            0.8698421371446406
          ],
          "up": [
            -0.07706844835039399,
            -0.8664212588696208,
            0.49333016981291977
          ],
          "determinant": -1.0000000000000002,
          "handedness": "left",
          "dot_matrix": [
            [
              1.0,
              0.0,
              0.0
            ],
            [
              0.0,
              1.0,
              -6.288372600415926e-17
            ],
            [
              0.0,
              -6.288372600415926e-17,
              1.0000000000000002
            ]
          ]
        },
        "stage_2_body_enu": {
          "forward": [
            -1.0,
            9.020562075079397e-17,
            -1.6653345369377348e-16
          ],
          "right": [
            8.326672684688674e-17,
            1.0,
            5.551115123125783e-17
          ],
          "up": [
            -1.5265566588595902e-16,
            -1.1188966420050406e-16,
            1.0
          ],
          "determinant": -1.0,
          "handedness": "left",
          "dot_matrix": [
            [
              1.0,
              6.938893903907219e-18,
              -1.3877787807814466e-17
            ],
            [
              6.938893903907219e-18,
              1.0,
              -5.637851296924624e-17
            ],
            [
              -1.3877787807814466e-17,
              -5.637851296924624e-17,
              1.0
            ]
          ]
        },
        "stage_3_engine_basis_before_asset": {
          "forward": [
            9.020562075079397e-17,
            -1.0,
            -1.6653345369377348e-16
          ],
          "right": [
            1.0,
            8.326672684688674e-17,
            5.551115123125783e-17
          ],
          "up": [
            -1.1188966420050406e-16,
            -1.5265566588595902e-16,
            1.0
          ],
          "determinant": 1.0,
          "handedness": "right",
          "dot_matrix": [
            [
              1.0,
              6.938893903907219e-18,
              -1.3877787807814466e-17
            ],
            [
              6.938893903907219e-18,
              1.0,
              -5.637851296924624e-17
            ],
            [
              -1.3877787807814466e-17,
              -5.637851296924624e-17,
              1.0
            ]
          ]
        },
        "actor_basis": {
          "x": [
            9.020562075079397e-17,
            -1.0,
            -1.6653345369377348e-16
          ],
          "y": [
            1.0,
            8.326672684688674e-17,
            5.551115123125783e-17
          ],
          "z": [
            -1.1188966420050406e-16,
            -1.5265566588595902e-16,
            1.0
          ]
        },
        "engine_visible_basis": {
          "forward": [
            9.020562075079397e-17,
            -1.0,
            -1.6653345369377348e-16
          ],
          "right": [
            1.0,
            8.326672684688674e-17,
            5.551115123125783e-17
          ],
          "up": [
            -1.1188966420050406e-16,
            -1.5265566588595902e-16,
            1.0
          ]
        },
        "stage_4_asset_corrected_basis": {
          "forward": [
            9.020562075079397e-17,
            -1.0,
            -1.6653345369377348e-16
          ],
          "right": [
            1.0,
            8.326672684688674e-17,
            5.551115123125783e-17
          ],
          "up": [
            -1.1188966420050406e-16,
            -1.5265566588595902e-16,
            1.0
          ],
          "determinant": 1.0,
          "handedness": "right",
          "dot_matrix": [
            [
              1.0,
              6.938893903907219e-18,
              -1.3877787807814466e-17
            ],
            [
              6.938893903907219e-18,
              1.0,
              -5.637851296924624e-17
            ],
            [
              -1.3877787807814466e-17,
              -5.637851296924624e-17,
              1.0
            ]
          ]
        },
        "asset_basis": {
          "forward_axis": "positive_x",
          "up_axis": "positive_z",
          "corrected_forward_local": [
            1.0,
            0.0,
            0.0
          ],
          "corrected_right_local": [
            0.0,
            1.0,
            0.0
          ],
          "corrected_up_local": [
            0.0,
            0.0,
            1.0
          ]
        },
        "final": {
          "position_engine": null,
          "forward_engine": [
            9.020562075079397e-17,
            -1.0,
            -1.6653345369377348e-16
          ],
          "right_engine": [
            1.0,
            8.326672684688674e-17,
            5.551115123125783e-17
          ],
          "up_engine": [
            -1.1188966420050406e-16,
            -1.5265566588595902e-16,
            1.0
          ]
        }
      }
    },
    {
      "case": "climb_north_20deg",
      "config_hash": "sha256:7ddcef59770b466a8d275ebeab61a04d47a8bcaaa3d6651846624be6ac46e4d0",
      "forward_angle_error_deg": 0.0,
      "right_angle_error_deg": 0.0,
      "up_angle_error_deg": 0.0,
      "max_axis_error_deg": 0.0,
      "engine_stage_max_axis_error_deg": 0.0,
      "asset_stage_max_axis_error_deg": 0.0,
      "orthogonality_error": 6.4503113679885495e-18,
      "expected_determinant": 1.0000000000089253,
      "determinant_error": 8.925304939566558e-12,
      "handedness_ok": true,
      "expected_visible_basis": {
        "forward": [
          0.9396926208,
          0.0,
          0.3420201433
        ],
        "right": [
          0.0,
          1.0,
          0.0
        ],
        "up": [
          -0.3420201433,
          0.0,
          0.9396926208
        ]
      },
      "engine_visible_basis": {
        "forward": [
          0.9396926207859084,
          -1.7347234759768074e-17,
          0.34202014332566877
        ],
        "right": [
          3.813361422201451e-18,
          1.0,
          3.7789094665969197e-17
        ],
        "up": [
          -0.3420201433256688,
          -2.775557561562892e-17,
          0.9396926207859084
        ]
      },
      "asset_stage": {
        "forward": [
          0.9396926207859084,
          -1.7347234759768074e-17,
          0.34202014332566877
        ],
        "right": [
          3.813361422201451e-18,
          1.0,
          3.7789094665969197e-17
        ],
        "up": [
          -0.3420201433256688,
          -2.775557561562892e-17,
          0.9396926207859084
        ],
        "determinant": 1.0,
        "handedness": "right",
        "dot_matrix": [
          [
            1.0,
            -8.39215597133663e-19,
            4.814824860968091e-34
          ],
          [
            -8.39215597133663e-19,
            1.0,
            6.4503113679885495e-18
          ],
          [
            4.814824860968091e-34,
            6.4503113679885495e-18,
            1.0
          ]
        ]
      },
      "failure_signature": null,
      "pass": true,
      "trace": {
        "case": "climb_north_20deg",
        "target": "unreal",
        "config_hash": "sha256:7ddcef59770b466a8d275ebeab61a04d47a8bcaaa3d6651846624be6ac46e4d0",
        "config": {
          "name": "unreal_standalone_neu_cm",
          "source": {
            "position_frame": "ecef_wgs84_m",
            "orientation_frame": "dis_body_frd_ecef",
            "dis_euler_policy": "standard_dis_psi_theta_phi"
          },
          "local_frame": {
            "type": "enu",
            "origin": {
              "latitude_deg": 29.5597,
              "longitude_deg": -95.0831,
              "height_m": 0.0
            }
          },
