{
  "case": "level_north",
  "target": "godot",
  "config_hash": "sha256:dce2938e363547bbff227eed4857668cabee9e6872e36105c22960f88456ba8c",
  "config": {
    "name": "godot_forward_inverted",
    "source": {
      "position_frame": "ecef_wgs84_m",
      "orientation_frame": "dis_body_frd_ecef",
      "dis_euler_policy": "standard_dis_psi_theta_phi"
    },
    "local_frame": {
      "type": "enu",
      "origin": {
        "latitude_deg": 29.5597,
        "longitude_deg": -95.0831,
        "height_m": 0.0
      }
    },
    "target_frame": {
      "engine": "godot",
      "handedness": "right",
      "units": "meters",
      "axis_map": {
        "east": "positive_x",
        "north": "negative_z",
        "up": "positive_y"
      }
    },
    "body_to_engine": {
      "forward": "body_forward",
      "right": "body_right",
      "up": "body_up"
    },
    "asset": {
      "forward_axis": "positive_z",
      "up_axis": "positive_y"
    },
    "correction": {
      "enabled": false,
      "reason": "",
      "post_engine_euler_deg": {
        "yaw": 0.0,
        "pitch": 0.0,
        "roll": 0.0
      }
    }
  },
  "input": {
    "entity_id": [
      100,
      1,
      1
    ],
    "dis_psi_theta_phi_deg": {
      "psi": 84.9169,
      "theta": -60.4403,
      "phi": 180.0
    },
    "georeference": {
      "lat_deg": 29.5597,
      "lon_deg": -95.0831,
      "height_m": 0.0
    }
  },
  "stage_1_dis_body_ecef": {
    "forward": [
      0.04370929975492306,
      0.49139002183863956,
      0.8698421371446405
    ],
    "right": [
      0.9960672424007312,
      -0.08860050009002796,
      6.041552133842126e-17
    ],
    "up": [
      -0.07706844835039386,
      -0.8664212588696207,
      0.4933301698129199
    ],
    "determinant": -1.0,
    "handedness": "left",
    "dot_matrix": [
      [
        1.0,
        -2.9591850335378436e-18,
        -4.7704895589362195e-17
      ],
      [
        -2.9591850335378436e-18,
        1.0,
        2.0492237855905277e-18
      ],
      [
        -4.7704895589362195e-17,
        2.0492237855905277e-18,
        1.0
      ]
    ]
  },
  "stage_2_body_enu": {
    "forward": [
      -4.85722573273506e-17,
      1.0,
      -1.0148132334464322e-16
    ],
    "right": [
      1.0,
      4.5613072293812755e-17,
      4.36825872090339e-17
    ],
    "up": [
      -4.163336342344337e-17,
      4.7704895589362195e-18,
      1.0
    ],
    "determinant": -1.0,
    "handedness": "left",
    "dot_matrix": [
      [
        1.0,
        -2.9591850335378482e-18,
        -9.6710833785707e-17
      ],
      [
        -2.9591850335378482e-18,
        1.0,
        2.049223785590528e-18
      ],
      [
        -9.6710833785707e-17,
        2.049223785590528e-18,
        1.0
      ]
    ]
  },
  "stage_3_engine_basis_before_asset": {
    "forward": [
      -4.85722573273506e-17,
      -1.0148132334464322e-16,
      -1.0
    ],
    "right": [
      1.0,
      4.36825872090339e-17,
      -4.5613072293812755e-17
    ],
    "up": [
      -4.163336342344337e-17,
      1.0,
      -4.7704895589362195e-18
    ],
    "determinant": -1.0,
    "handedness": "left",
    "dot_matrix": [
      [
        1.0,
        -2.9591850335378482e-18,
        -9.6710833785707e-17
      ],
      [
        -2.9591850335378482e-18,
        1.0,
        2.049223785590528e-18
      ],
      [
        -9.6710833785707e-17,
        2.049223785590528e-18,
        1.0
      ]
    ]
  },
  "actor_basis": {
    "x": [
      1.0,
      4.36825872090339e-17,
      -4.5613072293812755e-17
    ],
    "y": [
      -4.163336342344337e-17,
      1.0,
      -4.7704895589362195e-18
    ],
    "z": [
      4.85722573273506e-17,
      1.0148132334464322e-16,
      1.0
    ]
  },
  "engine_visible_basis": {
    "forward": [
      -4.85722573273506e-17,
      -1.0148132334464322e-16,
      -1.0
    ],
    "right": [
      1.0,
      4.36825872090339e-17,
      -4.5613072293812755e-17
    ],
    "up": [
      -4.163336342344337e-17,
      1.0,
      -4.7704895589362195e-18
    ]
  },
  "stage_4_asset_corrected_basis": {
    "forward": [
      4.85722573273506e-17,
      1.0148132334464322e-16,
      1.0
    ],
    "right": [
      -1.0,
      -4.36825872090339e-17,
      4.5613072293812755e-17
    ],
    "up": [
      -4.163336342344337e-17,
      1.0,
      -4.7704895589362195e-18
    ],
    "determinant": -1.0,
    "handedness": "left",
    "dot_matrix": [
      [
        1.0,
        -2.9591850335378482e-18,
        9.6710833785707e-17
      ],
      [
        -2.9591850335378482e-18,
        1.0,
        -2.049223785590528e-18
      ],
      [
        9.6710833785707e-17,
        -2.049223785590528e-18,
        1.0
      ]
    ]
  },
  "asset_basis": {
    "forward_axis": "positive_z",
    "up_axis": "positive_y",
    "corrected_forward_local": [
      0.0,
      0.0,
      1.0
    ],
    "corrected_right_local": [
      -1.0,
      0.0,
      0.0
    ],
    "corrected_up_local": [
      0.0,
      1.0,
      0.0
    ]
  },
  "final": {
    "position_engine": null,
    "forward_engine": [
      4.85722573273506e-17,
      1.0148132334464322e-16,
      1.0
    ],
    "right_engine": [
      -1.0,
      -4.36825872090339e-17,
      4.5613072293812755e-17
    ],
    "up_engine": [
      -4.163336342344337e-17,
      1.0,
      -4.7704895589362195e-18
    ]
  }
}
